363
1 0.1 -0.7
1 -0.15 -0.7
1 -0.2 -0.7
1 0.15 -0.7
1 -0.15 -0.65
1 0.1 -0.65
1 -0.2 -0.65
1 0.15 -0.65
1 -0.15 -0.6
1 0.1 -0.6
1 -0.2 -0.6
1 0.15 -0.6
1 -0.15 -0.55
1 0.1 -0.55
1 -0.2 -0.55
1 0.15 -0.55
1 -0.15 -0.5
1 0.1 -0.5
1 -0.2 -0.5
1 0.15 -0.5
1 -1 -0.55
1 -0.95 -0.55
1 -0.9 -0.55
1 -0.85 -0.55
1 -0.8 -0.55
1 -0.75 -0.55
1 -0.7 -0.55
1 -0.65 -0.55
1 -0.6 -0.55
1 -0.55 -0.55
1 -0.5 -0.55
1 -0.45 -0.55
1 -0.4 -0.55
1 -0.35 -0.55
1 -0.3 -0.55
1 -0.25 -0.55
1 -0.2 -0.55
1 0.1 -0.55
1 0.15 -0.55
1 0.2 -0.55
1 0.25 -0.55
1 0.3 -0.55
1 0.35 -0.55
1 0.4 -0.55
1 0.45 -0.55
1 0.5 -0.55
1 0.55 -0.55
1 0.6 -0.55
1 0.65 -0.55
1 0.7 -0.55
1 0.75 -0.55
1 0.8 -0.55
1 0.85 -0.55
1 0.9 -0.55
1 0.95 -0.55
1 1 -0.55
1 -0.7 -0.2
1 -0.7 -0.15
1 -0.7 -0.1
1 -0.7 -0.05
1 -0.7 0
1 -0.75 0
1 -0.8 0
1 -0.85 0
1 -0.9 0
1 -0.95 0
1 -0.7 0.2
1 -0.7 0.25
1 -0.7 0.3
1 -0.7 0.35
1 -0.75 0.2
1 -0.8 0.2
1 -0.85 0.2
1 -0.9 0.2
1 -0.95 0.2
1 -0.7 0.4
1 -0.7 0.45
1 -0.7 0.5
1 -0.7 0.55
1 -0.7 0.6
1 -0.7 0.65
1 -0.7 0.7
1 -0.7 0.7
1 -0.75 0.7
1 -0.8 0.7
1 -0.85 0.7
1 -0.9 0.7
1 -0.95 0.7
1 -0.4 0.7
1 -0.4 0.65
1 -0.4 0.6
1 -0.4 0.55
1 -0.4 0.5
1 -0.4 0.45
1 -0.4 0.4
1 -0.4 0.35
1 -0.4 0.3
1 -0.4 0.25
1 -0.4 0.2
1 -0.4 0.15
1 -0.4 0.1
1 -0.4 0.05
1 -0.4 0
1 -0.4 -0.05
1 -0.4 -0.1
1 -0.4 -0.15
1 -0.4 -0.2
1 -0.35 0.7
1 -0.35 0.65
1 -0.35 0.6
1 -0.35 0.55
1 -0.35 0.5
1 -0.35 0.45
1 -0.35 0.4
1 -0.35 0.35
1 -0.35 0.3
1 -0.35 0.25
1 -0.35 0.2
1 -0.35 0.15
1 -0.35 0.1
1 -0.35 0.05
1 -0.35 0
1 -0.35 -0.05
1 -0.35 -0.1
1 -0.35 -0.15
1 -0.35 -0.2
1 0.15 -0.7
1 -0.15 -0.7
1 0.15 -0.65
1 -0.15 -0.65
1 0.15 -0.6
1 -0.15 -0.6
1 0.15 -0.55
1 -0.15 -0.55
1 0.15 -0.5
1 -0.15 -0.5
1 1 -0.55
1 0.95 -0.55
1 0.9 -0.55
1 0.85 -0.55
1 0.8 -0.55
1 0.75 -0.55
1 0.7 -0.55
1 0.65 -0.55
1 0.6 -0.55
1 0.55 -0.55
1 0.5 -0.55
1 0.45 -0.55
1 0.4 -0.55
1 0.35 -0.55
1 0.3 -0.55
1 0.25 -0.55
1 0.2 -0.55
1 -0.15 -0.55
1 -0.2 -0.55
1 -0.25 -0.55
1 -0.3 -0.55
1 -0.35 -0.55
1 -0.4 -0.55
1 -0.45 -0.55
1 -0.5 -0.55
1 -0.55 -0.55
1 -0.6 -0.55
1 -0.65 -0.55
1 -0.7 -0.55
1 -0.75 -0.55
1 -0.8 -0.55
1 -0.85 -0.55
1 -0.9 -0.55
1 -0.95 -0.55
1 -1 -0.55
1 0.7 -0.2
1 0.7 -0.15
1 0.7 -0.1
1 0.7 -0.05
1 0.7 0
1 0.75 0
1 0.8 0
1 0.85 0
1 0.9 0
1 0.95 0
1 0.7 0.2
1 0.7 0.25
1 0.7 0.3
1 0.7 0.35
1 0.75 0.2
1 0.8 0.2
1 0.85 0.2
1 0.9 0.2
1 0.95 0.2
1 0.7 0.4
1 0.7 0.45
1 0.7 0.5
1 0.7 0.55
1 0.7 0.6
1 0.7 0.65
1 0.7 0.7
1 0.7 0.7
1 0.75 0.7
1 0.8 0.7
1 0.85 0.7
1 0.9 0.7
1 0.95 0.7
1 0.4 0.7
1 0.4 0.65
1 0.4 0.6
1 0.4 0.55
1 0.4 0.5
1 0.4 0.45
1 0.4 0.4
1 0.4 0.35
1 0.4 0.3
1 0.4 0.25
1 0.4 0.2
1 0.4 0.15
1 0.4 0.1
1 0.4 0.05
1 0.4 0
1 0.4 -0.05
1 0.4 -0.1
1 0.4 -0.15
1 0.4 -0.2
1 0.35 0.7
1 0.35 0.65
1 0.35 0.6
1 0.35 0.55
1 0.35 0.5
1 0.35 0.45
1 0.35 0.4
1 0.35 0.35
1 0.35 0.3
1 0.35 0.25
1 0.35 0.2
1 0.35 0.15
1 0.35 0.1
1 0.35 0.05
1 0.35 0.0
1 0.35 -0.05
1 0.35 -0.1
1 0.35 -0.15
1 0.35 -0.2
1 0.35 -0.25
1 0.35 -0.3
1 0.3 -0.25
1 0.3 -0.3
1 -1 -0.5
1 -0.95 -0.5
1 -0.9 -0.5
1 -0.85 -0.5
1 -0.8 -0.5
1 -0.75 -0.5
1 -0.7 -0.5
1 -0.65 -0.5
1 -0.6 -0.5
1 -0.55 -0.5
1 -0.5 -0.5
1 -0.45 -0.5
1 -0.4 -0.5
1 -0.35 -0.5
1 -0.3 -0.5
1 -0.25 -0.5
1 -0.2 -0.5
1 0.2 -0.5
1 0.25 -0.5
1 0.3 -0.5
1 0.35 -0.5
1 0.4 -0.5
1 0.45 -0.5
1 0.5 -0.5
1 0.55 -0.5
1 0.6 -0.5
1 0.65 -0.5
1 0.7 -0.5
1 0.75 -0.5
1 0.8 -0.5
1 0.85 -0.5
1 0.9 -0.5
1 0.95 -0.5
1 1 -0.5
1 -1 -0.25
1 -0.95 -0.25
1 -0.9 -0.25
1 -0.85 -0.25
1 -0.8 -0.25
1 -0.75 -0.25
1 -0.7 -0.25
1 -0.65 -0.25
1 -0.6 -0.25
1 -0.55 -0.25
1 -0.5 -0.25
1 -0.45 -0.25
1 -0.4 -0.25
1 -0.35 -0.25
1 -0.3 -0.25
1 0.4 -0.25
1 0.45 -0.25
1 0.5 -0.25
1 0.55 -0.25
1 0.6 -0.25
1 0.65 -0.25
1 0.7 -0.25
1 0.75 -0.25
1 0.8 -0.25
1 0.85 -0.25
1 0.9 -0.25
1 0.95 -0.25
1 1 -0.25
1 -1 -0.3
1 -0.95 -0.3
1 -0.9 -0.3
1 -0.85 -0.3
1 -0.8 -0.3
1 -0.75 -0.3
1 -0.7 -0.3
1 -0.65 -0.3
1 -0.6 -0.3
1 -0.55 -0.3
1 -0.5 -0.3
1 -0.45 -0.3
1 -0.4 -0.3
1 -0.35 -0.3
1 -0.3 -0.3
1 -0.25 -0.3
1 -0.2 -0.3
1 -0.15 -0.3
1 -0.1 -0.3
1 -0.05 -0.3
1 0 -0.3
1 0.05 -0.3
1 0.1 -0.3
1 0.15 -0.3
1 0.2 -0.3
1 0.25 -0.3
1 0.4 -0.3
1 0.45 -0.3
1 0.5 -0.3
1 0.55 -0.3
1 0.6 -0.3
1 0.65 -0.3
1 0.7 -0.3
1 0.75 -0.3
1 0.8 -0.3
1 0.85 -0.3
1 0.9 -0.3
1 0.95 -0.3
1 0.1 0.9
1 -0.1 0.9
1 0.1 0.85
1 -0.1 0.85
1 0.1 0.8
1 -0.1 0.8
1 0.1 0.75
1 -0.1 0.75
1 -0.1 0.7
1 0.1 0.7
1 0.15 0.7
1 0.2 0.7
1 0.25 0.7
1 0.3 0.7
1 -0.15 0.7
1 -0.2 0.7
1 -0.25 0.7
1 -0.3 0.7