217
0 0.1 -0.75
0 0.1 -0.8
0 0.1 -0.85
0 0.1 -0.9
0 0.1 -0.95
0 0.15 -0.75
0 0.15 -0.8
0 0.15 -0.85
0 0.15 -0.9
0 0.15 -0.95
0 -0.15 -0.75
0 -0.15 -0.8
0 -0.15 -0.85
0 -0.15 -0.9
0 -0.15 -0.95
0 -0.2 -0.75
0 -0.2 -0.8
0 -0.2 -0.85
0 -0.2 -0.9
0 -0.2 -0.95
0 0 0.05
0 0 0.1
0 0 0.15
0 0 0.2
0 0 0.25
0 0 0.3
0 0 0.35
0 0.05 0.05
0 0.05 0.1
0 0.05 0.15
0 0.05 0.2
0 0.05 0.25
0 0.05 0.3
0 0.05 0.35
0 -0.05 0.05
0 -0.05 0.1
0 -0.05 0.15
0 -0.05 0.2
0 -0.05 0.25
0 -0.05 0.3
0 -0.05 0.35
0 0.05 0
0 -0.05 0
0 -0.98 -1
0 -0.98 -0.95
0 -0.98 -0.9
0 -0.98 -0.85
0 -0.98 -0.8
0 -0.98 -0.75
0 -0.98 -0.7
0 -0.98 -0.65
0 -0.98 -0.6
0 -0.98 -0.55
0 -0.98 -0.5
0 -0.98 -0.45
0 -0.98 -0.4
0 -0.98 -0.35
0 -0.98 -0.3
0 -0.98 -0.25
0 -0.98 -0.2
0 -0.98 -0.15
0 -0.98 -0.1
0 -0.98 -0.05
0 -0.98 0
0 -0.98 0.05
0 -0.98 0.1
0 -0.98 0.15
0 -0.98 0.2
0 -0.98 0.25
0 -0.98 0.3
0 -0.98 0.35
0 -0.98 0.4
0 -0.98 0.45
0 -0.98 0.5
0 -0.98 0.55
0 -0.98 0.6
0 -0.98 0.65
0 -0.98 0.7
0 -0.98 0.75
0 -0.98 0.8
0 -0.98 0.85
0 -0.98 0.9
0 -0.98 0.95
0 -0.98 1
0 -1 0.94
0 -0.95 0.94
0 -0.90 0.94
0 -0.85 0.94
0 -0.80 0.94
0 -0.75 0.94
0 -0.70 0.94
0 -0.65 0.94
0 -0.60 0.94
0 -0.55 0.94
0 -0.50 0.94
0 -0.45 0.94
0 -0.40 0.94
0 -0.35 0.94
0 -0.30 0.94
0 -0.25 0.94
0 -0.20 0.94
0 -0.15 0.94
0 -0.10 0.94
0 -0.05 0.94
0 0.00 0.94
0 0.05 0.94
0 0.10 0.94
0 0.15 0.94
0 0.20 0.94
0 0.25 0.94
0 0.30 0.94
0 0.35 0.94
0 0.40 0.94
0 0.45 0.94
0 0.50 0.94
0 0.55 0.94
0 0.60 0.94
0 0.65 0.94
0 0.70 0.94
0 0.75 0.94
0 0.80 0.94
0 0.85 0.94
0 0.90 0.94
0 0.95 0.94
0 1.00 0.94
0 0.94 -1.00
0 0.94 -0.95
0 0.94 -0.90
0 0.94 -0.85
0 0.94 -0.80
0 0.94 -0.75
0 0.94 -0.70
0 0.94 -0.65
0 0.94 -0.60
0 0.94 -0.55
0 0.94 -0.50
0 0.94 -0.45
0 0.94 -0.40
0 0.94 -0.35
0 0.94 -0.30
0 0.94 -0.25
0 0.94 -0.20
0 0.94 -0.15
0 0.94 -0.10
0 0.94 -0.05
0 0.94 0.00
0 0.94 0.05
0 0.94 0.10
0 0.94 0.15
0 0.94 0.20
0 0.94 0.25
0 0.94 0.30
0 0.94 0.35
0 0.94 0.40
0 0.94 0.45
0 0.94 0.50
0 0.94 0.55
0 0.94 0.60
0 0.94 0.65
0 0.94 0.70
0 0.94 0.75
0 0.94 0.80
0 0.94 0.85
0 0.94 0.90
0 0.94 0.95
0 0.94 1.00
0 -1 -0.98
0 -0.95 -0.98
0 -0.9 -0.98
0 -0.85 -0.98
0 -0.8 -0.98
0 -0.75 -0.98
0 -0.7 -0.98
0 -0.65 -0.98
0 -0.6 -0.98
0 -0.55 -0.98
0 -0.5 -0.98
0 -0.45 -0.98
0 -0.4 -0.98
0 -0.35 -0.98
0 -0.3 -0.98
0 -0.25 -0.98
0 -0.2 -0.98
0 -0.15 -0.98
0 -0.1 -0.98
0 -0.05 -0.98
0 0 -0.98
0 0.05 -0.98
0 0.1 -0.98
0 0.15 -0.98
0 0.2 -0.98
0 0.25 -0.98
0 0.3 -0.98
0 0.35 -0.98
0 0.4 -0.98
0 0.45 -0.98
0 0.5 -0.98
0 0.55 -0.98
0 0.6 -0.98
0 0.65 -0.98
0 0.7 -0.98
0 0.75 -0.98
0 0.8 -0.98
0 0.85 -0.98
0 0.9 -0.98
0 0.95 -0.98
0 -0.7 0.8
0 -0.7 0.85
0 -0.7 0.9
0 -0.7 0.95
0 -0.7 0.75
0 0.7 0.8
0 0.7 0.85
0 0.7 0.9
0 0.7 0.95
0 0.7 0.75